# rArcmin, T150, T90 in [muK*sr]
1.000000000000000000e+00 -2.392936067159411772e-08 -2.430902172836720765e-08
1.625000000000000000e+00 -7.994969061949988483e-08 -9.380376774300822146e-08
2.250000000000000000e+00 -1.719929839593884943e-07 -2.210804649282714610e-07
2.875000000000000000e+00 -3.056418874831487497e-07 -4.103804651276958205e-07
3.500000000000000000e+00 -4.779761170737766679e-07 -6.583855412689025530e-07
4.125000000000000000e+00 -6.877973527291570176e-07 -9.614950002179099142e-07
4.750000000000000000e+00 -9.303909481098136985e-07 -1.309979139898770125e-06
5.375000000000000000e+00 -1.201855070585867861e-06 -1.691853332156600473e-06
6.000000000000000000e+00 -1.491526440012004382e-06 -2.089361807599520080e-06
