    0.10000E-03    0.49383E+03
    0.10202E-03    0.50345E+03
    0.10408E-03    0.51325E+03
    0.10618E-03    0.52324E+03
    0.10833E-03    0.53342E+03
    0.11052E-03    0.54381E+03
    0.11275E-03    0.55439E+03
    0.11503E-03    0.56519E+03
    0.11735E-03    0.57619E+03
    0.11972E-03    0.58740E+03
    0.12214E-03    0.59883E+03
    0.12461E-03    0.61049E+03
    0.12712E-03    0.62237E+03
    0.12969E-03    0.63448E+03
    0.13231E-03    0.64683E+03
    0.13499E-03    0.65942E+03
    0.13771E-03    0.67225E+03
    0.14049E-03    0.68533E+03
    0.14333E-03    0.69866E+03
    0.14623E-03    0.71226E+03
    0.14918E-03    0.72612E+03
    0.15220E-03    0.74024E+03
    0.15527E-03    0.75464E+03
    0.15841E-03    0.76932E+03
    0.16161E-03    0.78429E+03
    0.16487E-03    0.79954E+03
    0.16820E-03    0.81509E+03
    0.17160E-03    0.83094E+03
    0.17507E-03    0.84710E+03
    0.17860E-03    0.86358E+03
    0.18221E-03    0.88037E+03
    0.18589E-03    0.89748E+03
    0.18965E-03    0.91493E+03
    0.19348E-03    0.93272E+03
    0.19739E-03    0.95085E+03
    0.20138E-03    0.96933E+03
    0.20544E-03    0.98817E+03
    0.20959E-03    0.10074E+04
    0.21383E-03    0.10269E+04
    0.21815E-03    0.10469E+04
    0.22255E-03    0.10672E+04
    0.22705E-03    0.10880E+04
    0.23164E-03    0.11091E+04
    0.23632E-03    0.11306E+04
    0.24109E-03    0.11526E+04
    0.24596E-03    0.11750E+04
    0.25093E-03    0.11978E+04
    0.25600E-03    0.12210E+04
    0.26117E-03    0.12447E+04
    0.26645E-03    0.12689E+04
    0.27183E-03    0.12935E+04
    0.27732E-03    0.13186E+04
    0.28292E-03    0.13442E+04
    0.28864E-03    0.13703E+04
    0.29447E-03    0.13968E+04
    0.30042E-03    0.14239E+04
    0.30649E-03    0.14515E+04
    0.31268E-03    0.14796E+04
    0.31899E-03    0.15083E+04
    0.32544E-03    0.15375E+04
    0.33201E-03    0.15673E+04
    0.33872E-03    0.15977E+04
    0.34556E-03    0.16286E+04
    0.35254E-03    0.16601E+04
    0.35966E-03    0.16922E+04
    0.36693E-03    0.17250E+04
    0.37434E-03    0.17583E+04
    0.38190E-03    0.17923E+04
    0.38962E-03    0.18270E+04
    0.39749E-03    0.18623E+04
    0.40552E-03    0.18983E+04
    0.41371E-03    0.19349E+04
    0.42207E-03    0.19723E+04
    0.43060E-03    0.20103E+04
    0.43929E-03    0.20491E+04
    0.44817E-03    0.20886E+04
    0.45722E-03    0.21289E+04
    0.46646E-03    0.21699E+04
    0.47588E-03    0.22117E+04
    0.48550E-03    0.22543E+04
    0.49530E-03    0.22977E+04
    0.50531E-03    0.23419E+04
    0.51552E-03    0.23870E+04
    0.52593E-03    0.24329E+04
    0.53656E-03    0.24796E+04
    0.54739E-03    0.25272E+04
    0.55845E-03    0.25757E+04
    0.56973E-03    0.26252E+04
    0.58124E-03    0.26755E+04
    0.59299E-03    0.27268E+04
    0.60496E-03    0.27790E+04
    0.61719E-03    0.28322E+04
    0.62965E-03    0.28864E+04
    0.64237E-03    0.29416E+04
    0.65535E-03    0.29978E+04
    0.66859E-03    0.30550E+04
    0.68210E-03    0.31133E+04
    0.69588E-03    0.31727E+04
    0.70993E-03    0.32331E+04
    0.72427E-03    0.32947E+04
    0.73891E-03    0.33574E+04
    0.75383E-03    0.34212E+04
    0.76906E-03    0.34862E+04
    0.78460E-03    0.35524E+04
    0.80045E-03    0.36198E+04
    0.81662E-03    0.36884E+04
    0.83311E-03    0.37582E+04
    0.84994E-03    0.38293E+04
    0.86711E-03    0.39017E+04
    0.88463E-03    0.39753E+04
    0.90250E-03    0.40503E+04
    0.92073E-03    0.41267E+04
    0.93933E-03    0.42043E+04
    0.95831E-03    0.42834E+04
    0.97767E-03    0.43639E+04
    0.99742E-03    0.44458E+04
    0.10176E-02    0.45291E+04
    0.10381E-02    0.46139E+04
    0.10591E-02    0.47001E+04
    0.10805E-02    0.47879E+04
    0.11023E-02    0.48772E+04
    0.11246E-02    0.49680E+04
    0.11473E-02    0.50604E+04
    0.11705E-02    0.51544E+04
    0.11941E-02    0.52501E+04
    0.12182E-02    0.53473E+04
    0.12429E-02    0.54462E+04
    0.12680E-02    0.55468E+04
    0.12936E-02    0.56490E+04
    0.13197E-02    0.57530E+04
    0.13464E-02    0.58587E+04
    0.13736E-02    0.59662E+04
    0.14013E-02    0.60755E+04
    0.14296E-02    0.61866E+04
    0.14585E-02    0.62994E+04
    0.14880E-02    0.64142E+04
    0.15180E-02    0.65308E+04
    0.15487E-02    0.66492E+04
    0.15800E-02    0.67696E+04
    0.16119E-02    0.68919E+04
    0.16445E-02    0.70162E+04
    0.16777E-02    0.71424E+04
    0.17116E-02    0.72705E+04
    0.17462E-02    0.74007E+04
    0.17814E-02    0.75329E+04
    0.18174E-02    0.76671E+04
    0.18541E-02    0.78034E+04
    0.18916E-02    0.79418E+04
    0.19298E-02    0.80822E+04
    0.19688E-02    0.82247E+04
    0.20086E-02    0.83693E+04
    0.20491E-02    0.85161E+04
    0.20905E-02    0.86650E+04
    0.21328E-02    0.88160E+04
    0.21758E-02    0.89692E+04
    0.22198E-02    0.91246E+04
    0.22646E-02    0.92821E+04
    0.23104E-02    0.94418E+04
    0.23571E-02    0.96038E+04
    0.24047E-02    0.97679E+04
    0.24533E-02    0.99342E+04
    0.25028E-02    0.10103E+05
    0.25534E-02    0.10274E+05
    0.26050E-02    0.10447E+05
    0.26576E-02    0.10622E+05
    0.27113E-02    0.10799E+05
    0.27660E-02    0.10979E+05
    0.28219E-02    0.11161E+05
    0.28789E-02    0.11345E+05
    0.29371E-02    0.11531E+05
    0.29964E-02    0.11719E+05
    0.30569E-02    0.11910E+05
    0.31187E-02    0.12103E+05
    0.31817E-02    0.12298E+05
    0.32460E-02    0.12495E+05
    0.33115E-02    0.12694E+05
    0.33784E-02    0.12895E+05
    0.34467E-02    0.13099E+05
    0.35163E-02    0.13304E+05
    0.35874E-02    0.13512E+05
    0.36598E-02    0.13721E+05
    0.37338E-02    0.13933E+05
    0.38092E-02    0.14146E+05
    0.38861E-02    0.14361E+05
    0.39646E-02    0.14578E+05
    0.40447E-02    0.14797E+05
    0.41264E-02    0.15018E+05
    0.42098E-02    0.15240E+05
    0.42948E-02    0.15464E+05
    0.43816E-02    0.15690E+05
    0.44701E-02    0.15917E+05
    0.45604E-02    0.16145E+05
    0.46525E-02    0.16375E+05
    0.47465E-02    0.16607E+05
    0.48424E-02    0.16839E+05
    0.49402E-02    0.17073E+05
    0.50400E-02    0.17308E+05
    0.51419E-02    0.17544E+05
    0.52457E-02    0.17781E+05
    0.53517E-02    0.18018E+05
    0.54598E-02    0.18257E+05
    0.55701E-02    0.18496E+05
    0.56826E-02    0.18735E+05
    0.57974E-02    0.18975E+05
    0.59145E-02    0.19216E+05
    0.60340E-02    0.19456E+05
    0.61559E-02    0.19697E+05
    0.62803E-02    0.19937E+05
    0.64072E-02    0.20177E+05
    0.65366E-02    0.20417E+05
    0.66686E-02    0.20657E+05
    0.68033E-02    0.20895E+05
    0.69408E-02    0.21133E+05
    0.70810E-02    0.21370E+05
    0.72240E-02    0.21606E+05
    0.73700E-02    0.21840E+05
    0.75189E-02    0.22073E+05
    0.76708E-02    0.22304E+05
    0.78257E-02    0.22534E+05
    0.79838E-02    0.22761E+05
    0.81451E-02    0.22986E+05
    0.83096E-02    0.23208E+05
    0.84775E-02    0.23428E+05
    0.86488E-02    0.23644E+05
    0.88235E-02    0.23858E+05
    0.90017E-02    0.24068E+05
    0.91836E-02    0.24274E+05
    0.93691E-02    0.24477E+05
    0.95583E-02    0.24675E+05
    0.97514E-02    0.24869E+05
    0.99484E-02    0.25058E+05
    0.10149E-01    0.25242E+05
    0.10354E-01    0.25421E+05
    0.10564E-01    0.25594E+05
    0.10777E-01    0.25762E+05
    0.10995E-01    0.25923E+05
    0.11217E-01    0.26078E+05
    0.11443E-01    0.26226E+05
    0.11675E-01    0.26367E+05
    0.11910E-01    0.26500E+05
    0.12151E-01    0.26626E+05
    0.12397E-01    0.26743E+05
    0.12647E-01    0.26852E+05
    0.12902E-01    0.26953E+05
    0.13163E-01    0.27044E+05
    0.13429E-01    0.27126E+05
    0.13700E-01    0.27199E+05
    0.13977E-01    0.27261E+05
    0.14259E-01    0.27312E+05
    0.14547E-01    0.27353E+05
    0.14841E-01    0.27383E+05
    0.15141E-01    0.27402E+05
    0.15447E-01    0.27409E+05
    0.15759E-01    0.27403E+05
    0.16077E-01    0.27386E+05
    0.16402E-01    0.27356E+05
    0.16734E-01    0.27312E+05
    0.17072E-01    0.27256E+05
    0.17416E-01    0.27186E+05
    0.17768E-01    0.27103E+05
    0.18127E-01    0.27006E+05
    0.18493E-01    0.26895E+05
    0.18867E-01    0.26769E+05
    0.19248E-01    0.26630E+05
    0.19637E-01    0.26475E+05
    0.20034E-01    0.26307E+05
    0.20438E-01    0.26124E+05
    0.20851E-01    0.25926E+05
    0.21272E-01    0.25714E+05
    0.21702E-01    0.25487E+05
    0.22141E-01    0.25246E+05
    0.22588E-01    0.24991E+05
    0.23044E-01    0.24722E+05
    0.23510E-01    0.24439E+05
    0.23985E-01    0.24143E+05
    0.24469E-01    0.23834E+05
    0.24964E-01    0.23513E+05
    0.25468E-01    0.23179E+05
    0.25982E-01    0.22835E+05
    0.26507E-01    0.22479E+05
    0.27043E-01    0.22113E+05
    0.27589E-01    0.21738E+05
    0.28146E-01    0.21354E+05
    0.28715E-01    0.20963E+05
    0.29295E-01    0.20564E+05
    0.29887E-01    0.20160E+05
    0.30490E-01    0.19751E+05
    0.31106E-01    0.19338E+05
    0.31735E-01    0.18922E+05
    0.32376E-01    0.18505E+05
    0.33030E-01    0.18087E+05
    0.33697E-01    0.17669E+05
    0.34378E-01    0.17253E+05
    0.35072E-01    0.16840E+05
    0.35781E-01    0.16432E+05
    0.36504E-01    0.16029E+05
    0.37241E-01    0.15633E+05
    0.37993E-01    0.15245E+05
    0.38761E-01    0.14866E+05
    0.39544E-01    0.14495E+05
    0.40343E-01    0.14135E+05
    0.41158E-01    0.13785E+05
    0.41989E-01    0.13446E+05
    0.42838E-01    0.13120E+05
    0.43703E-01    0.12809E+05
    0.44586E-01    0.12514E+05
    0.45486E-01    0.12235E+05
    0.46405E-01    0.11972E+05
    0.47343E-01    0.11725E+05
    0.48299E-01    0.11494E+05
    0.49275E-01    0.11277E+05
    0.50270E-01    0.11075E+05
    0.51286E-01    0.10886E+05
    0.52322E-01    0.10711E+05
    0.53379E-01    0.10549E+05
    0.54457E-01    0.10398E+05
    0.55557E-01    0.10259E+05
    0.56680E-01    0.10128E+05
    0.57825E-01    0.10005E+05
    0.58993E-01    0.98875E+04
    0.60184E-01    0.97742E+04
    0.61400E-01    0.96629E+04
    0.62641E-01    0.95517E+04
    0.63906E-01    0.94382E+04
    0.65197E-01    0.93205E+04
    0.66514E-01    0.91965E+04
    0.67858E-01    0.90640E+04
    0.69229E-01    0.89209E+04
    0.70627E-01    0.87653E+04
    0.72054E-01    0.85961E+04
    0.73510E-01    0.84124E+04
    0.74994E-01    0.82136E+04
    0.76509E-01    0.79997E+04
    0.78055E-01    0.77712E+04
    0.79632E-01    0.75291E+04
    0.81241E-01    0.72753E+04
    0.82882E-01    0.70117E+04
    0.84556E-01    0.67410E+04
    0.86264E-01    0.64659E+04
    0.88007E-01    0.61897E+04
    0.89785E-01    0.59162E+04
    0.91598E-01    0.56488E+04
    0.93449E-01    0.53904E+04
    0.95337E-01    0.51447E+04
    0.97263E-01    0.49147E+04
    0.99227E-01    0.47028E+04
    0.10123E+00    0.45106E+04
    0.10328E+00    0.43395E+04
    0.10536E+00    0.41901E+04
    0.10749E+00    0.40621E+04
    0.10966E+00    0.39543E+04
    0.11188E+00    0.38659E+04
    0.11414E+00    0.37942E+04
    0.11644E+00    0.37364E+04
    0.11880E+00    0.36895E+04
    0.12120E+00    0.36488E+04
    0.12365E+00    0.36095E+04
    0.12614E+00    0.35668E+04
    0.12869E+00    0.35156E+04
    0.13129E+00    0.34517E+04
    0.13394E+00    0.33729E+04
    0.13665E+00    0.32776E+04
    0.13941E+00    0.31666E+04
    0.14223E+00    0.30418E+04
    0.14510E+00    0.29061E+04
    0.14803E+00    0.27631E+04
    0.15102E+00    0.26173E+04
    0.15407E+00    0.24735E+04
    0.15718E+00    0.23366E+04
    0.16036E+00    0.22119E+04
    0.16360E+00    0.21029E+04
    0.16690E+00    0.20119E+04
    0.17028E+00    0.19389E+04
    0.17371E+00    0.18827E+04
    0.17722E+00    0.18402E+04
    0.18080E+00    0.18081E+04
    0.18446E+00    0.17820E+04
    0.18818E+00    0.17570E+04
    0.19198E+00    0.17282E+04
    0.19586E+00    0.16911E+04
    0.19982E+00    0.16427E+04
    0.20386E+00    0.15827E+04
    0.20797E+00    0.15126E+04
    0.21218E+00    0.14358E+04
    0.21646E+00    0.13566E+04
    0.22083E+00    0.12799E+04
    0.22530E+00    0.12102E+04
    0.22985E+00    0.11511E+04
    0.23449E+00    0.11040E+04
    0.23923E+00    0.10681E+04
    0.24406E+00    0.10410E+04
    0.24899E+00    0.10190E+04
    0.25402E+00    0.99814E+03
    0.25915E+00    0.97452E+03
    0.26439E+00    0.94512E+03
    0.26973E+00    0.90880E+03
    0.27518E+00    0.86679E+03
    0.28074E+00    0.82209E+03
    0.28641E+00    0.77828E+03
    0.29219E+00    0.73851E+03
    0.29810E+00    0.70494E+03
    0.30412E+00    0.67818E+03
    0.31026E+00    0.65704E+03
    0.31653E+00    0.63890E+03
    0.32292E+00    0.62085E+03
    0.32945E+00    0.60054E+03
    0.33610E+00    0.57688E+03
    0.34289E+00    0.55049E+03
    0.34982E+00    0.52337E+03
    0.35689E+00    0.49774E+03
    0.36409E+00    0.47520E+03
    0.37145E+00    0.45638E+03
    0.37895E+00    0.44047E+03
    0.38661E+00    0.42574E+03
    0.39442E+00    0.41065E+03
    0.40239E+00    0.39428E+03
    0.41052E+00    0.37671E+03
    0.41881E+00    0.35910E+03
    0.42727E+00    0.34267E+03
    0.43590E+00    0.32811E+03
    0.44471E+00    0.31534E+03
    0.45369E+00    0.30315E+03
    0.46286E+00    0.29101E+03
    0.47221E+00    0.27901E+03
    0.48174E+00    0.26724E+03
    0.49148E+00    0.25580E+03
    0.50141E+00    0.24474E+03
    0.51153E+00    0.23412E+03
    0.52187E+00    0.22397E+03
    0.53241E+00    0.21431E+03
    0.54317E+00    0.20508E+03
    0.55414E+00    0.19628E+03
    0.56533E+00    0.18786E+03
    0.57675E+00    0.17982E+03
    0.58840E+00    0.17211E+03
    0.60029E+00    0.16474E+03
    0.61242E+00    0.15767E+03
    0.62479E+00    0.15089E+03
    0.63741E+00    0.14438E+03
    0.65029E+00    0.13813E+03
    0.66342E+00    0.13213E+03
    0.67683E+00    0.12637E+03
    0.69050E+00    0.12084E+03
    0.70445E+00    0.11553E+03
    0.71868E+00    0.11045E+03
    0.73320E+00    0.10557E+03
    0.74801E+00    0.10090E+03
    0.76312E+00    0.96421E+02
    0.77854E+00    0.92134E+02
    0.79426E+00    0.88030E+02
    0.81031E+00    0.84101E+02
    0.82668E+00    0.80342E+02
    0.84338E+00    0.76745E+02
    0.86041E+00    0.73303E+02
    0.87780E+00    0.70010E+02
    0.89553E+00    0.66859E+02
    0.91362E+00    0.63846E+02
    0.93208E+00    0.60963E+02
    0.95091E+00    0.58205E+02
    0.97011E+00    0.55568E+02
    0.98971E+00    0.53046E+02
    0.10097E+01    0.50634E+02
    0.10301E+01    0.48327E+02
    0.10509E+01    0.46122E+02
    0.10721E+01    0.44014E+02
    0.10938E+01    0.41999E+02
    0.11159E+01    0.40073E+02
    0.11384E+01    0.38232E+02
    0.11614E+01    0.36473E+02
    0.11849E+01    0.34792E+02
    0.12088E+01    0.33187E+02
    0.12333E+01    0.31653E+02
    0.12582E+01    0.30187E+02
    0.12836E+01    0.28788E+02
    0.13095E+01    0.27451E+02
    0.13360E+01    0.26174E+02
    0.13630E+01    0.24955E+02
    0.13905E+01    0.23792E+02
    0.14186E+01    0.22680E+02
    0.14472E+01    0.21620E+02
    0.14765E+01    0.20607E+02
    0.15063E+01    0.19641E+02
    0.15367E+01    0.18718E+02
    0.15678E+01    0.17838E+02
    0.15994E+01    0.16998E+02
    0.16318E+01    0.16197E+02
    0.16647E+01    0.15432E+02
    0.16984E+01    0.14702E+02
    0.17327E+01    0.14006E+02
    0.17677E+01    0.13342E+02
    0.18034E+01    0.12709E+02
    0.18398E+01    0.12105E+02
    0.18770E+01    0.11529E+02
    0.19149E+01    0.10980E+02
    0.19536E+01    0.10456E+02
    0.19930E+01    0.99570E+01
    0.20333E+01    0.94810E+01
    0.20744E+01    0.90271E+01
    0.21163E+01    0.85945E+01
    0.21590E+01    0.81822E+01
    0.22026E+01    0.77891E+01
    0.22471E+01    0.74146E+01
    0.22925E+01    0.70576E+01
    0.23388E+01    0.67174E+01
    0.23861E+01    0.63933E+01
    0.24343E+01    0.60845E+01
    0.24835E+01    0.57903E+01
    0.25336E+01    0.55100E+01
    0.25848E+01    0.52430E+01
    0.26370E+01    0.49887E+01
    0.26903E+01    0.47464E+01
    0.27447E+01    0.45157E+01
    0.28001E+01    0.42960E+01
    0.28567E+01    0.40867E+01
    0.29144E+01    0.38875E+01
    0.29733E+01    0.36977E+01
    0.30333E+01    0.35171E+01
    0.30946E+01    0.33451E+01
    0.31571E+01    0.31813E+01
    0.32209E+01    0.30255E+01
    0.32860E+01    0.28771E+01
    0.33523E+01    0.27358E+01
    0.34201E+01    0.26014E+01
    0.34892E+01    0.24735E+01
    0.35596E+01    0.23517E+01
    0.36316E+01    0.22358E+01
    0.37049E+01    0.21256E+01
    0.37798E+01    0.20206E+01
    0.38561E+01    0.19208E+01
    0.39340E+01    0.18258E+01
    0.40135E+01    0.17355E+01
    0.40946E+01    0.16495E+01
    0.41773E+01    0.15677E+01
    0.42617E+01    0.14899E+01
    0.43478E+01    0.14159E+01
    0.44356E+01    0.13456E+01
    0.45252E+01    0.12786E+01
    0.46166E+01    0.12150E+01
    0.47099E+01    0.11544E+01
    0.48050E+01    0.10969E+01
    0.49021E+01    0.10421E+01
    0.50011E+01    0.99009E+00
    0.51021E+01    0.94060E+00
    0.52052E+01    0.89355E+00
    0.53104E+01    0.84882E+00
    0.54176E+01    0.80629E+00
    0.55271E+01    0.76587E+00
    0.56387E+01    0.72744E+00
    0.57526E+01    0.69091E+00
    0.58689E+01    0.65619E+00
    0.59874E+01    0.62319E+00
    0.61084E+01    0.59183E+00
    0.62318E+01    0.56203E+00
    0.63577E+01    0.53370E+00
    0.64861E+01    0.50679E+00
    0.66171E+01    0.48121E+00
    0.67508E+01    0.45691E+00
    0.68872E+01    0.43382E+00
    0.70263E+01    0.41188E+00
    0.71682E+01    0.39103E+00
    0.73130E+01    0.37123E+00
    0.74608E+01    0.35242E+00
    0.76115E+01    0.33455E+00
    0.77653E+01    0.31757E+00
    0.79221E+01    0.30145E+00
    0.80822E+01    0.28613E+00
    0.82454E+01    0.27158E+00
    0.84120E+01    0.25776E+00
    0.85819E+01    0.24464E+00
    0.87553E+01    0.23218E+00
    0.89322E+01    0.22034E+00
    0.91126E+01    0.20910E+00
    0.92967E+01    0.19843E+00
    0.94845E+01    0.18830E+00
    0.96761E+01    0.17868E+00
    0.98716E+01    0.16954E+00
    0.10071E+02    0.16087E+00
    0.10274E+02    0.15263E+00
    0.10482E+02    0.14481E+00
    0.10694E+02    0.13739E+00
    0.10910E+02    0.13034E+00
    0.11130E+02    0.12366E+00
    0.11355E+02    0.11731E+00
    0.11584E+02    0.11128E+00
    0.11818E+02    0.10556E+00
    0.12057E+02    0.10013E+00
    0.12301E+02    0.94976E-01
    0.12549E+02    0.90086E-01
    0.12803E+02    0.85444E-01
    0.13061E+02    0.81040E-01
    0.13325E+02    0.76860E-01
    0.13594E+02    0.72893E-01
    0.13869E+02    0.69130E-01
    0.14149E+02    0.65559E-01
    0.14435E+02    0.62170E-01
    0.14727E+02    0.58955E-01
    0.15024E+02    0.55905E-01
    0.15328E+02    0.53011E-01
    0.15637E+02    0.50266E-01
    0.15953E+02    0.47661E-01
    0.16275E+02    0.45190E-01
    0.16604E+02    0.42845E-01
    0.16940E+02    0.40621E-01
    0.17282E+02    0.38511E-01
    0.17631E+02    0.36510E-01
    0.17987E+02    0.34611E-01
    0.18351E+02    0.32810E-01
    0.18721E+02    0.31101E-01
    0.19099E+02    0.29481E-01
    0.19485E+02    0.27944E-01
    0.19879E+02    0.26487E-01
    0.20280E+02    0.25105E-01
    0.20690E+02    0.23795E-01
    0.21108E+02    0.22554E-01
    0.21535E+02    0.21376E-01
    0.21970E+02    0.20260E-01
    0.22413E+02    0.19202E-01
