# rArcmin, T150, T90 in [muK*sr]
1.000000000000000000e+00 2.241147942207318421e-08 1.700271945903500351e-08
1.625000000000000000e+00 7.160943695224548667e-08 5.720263470222064290e-08
2.250000000000000000e+00 1.431557643974058682e-07 1.224153505244849983e-07
2.875000000000000000e+00 2.352427489073119906e-07 2.056174993011920958e-07
3.500000000000000000e+00 3.489367173630185240e-07 3.080285226240548307e-07
4.125000000000000000e+00 4.879667766245407906e-07 4.354219663190646607e-07
4.750000000000000000e+00 6.518160246582959535e-07 5.857006336435489818e-07
5.375000000000000000e+00 8.369764186840642292e-07 7.533287280681007886e-07
6.000000000000000000e+00 1.036631624156154230e-06 9.296623179395130255e-07
